0.000000000000000000e+00 1.225026177528553806e+00
1.000000000000000000e+00 1.271034919048437350e+00
2.000000000000000000e+00 1.271080605125911145e+00
3.000000000000000000e+00 1.189473093318707875e+00
4.000000000000000000e+00 1.289280836586109480e+00
5.000000000000000000e+00 1.279854157634353840e+00
6.000000000000000000e+00 1.265131598720861339e+00
7.000000000000000000e+00 1.280946157715247002e+00
8.000000000000000000e+00 1.266994468538385599e+00
9.000000000000000000e+00 1.274929562379702341e+00
1.000000000000000000e+01 1.259845875211986987e+00
1.100000000000000000e+01 1.280623387502070276e+00
1.200000000000000000e+01 1.284174913947399244e+00
1.300000000000000000e+01 1.274837812209111299e+00
1.400000000000000000e+01 1.269536377570831043e+00
1.500000000000000000e+01 1.264954037984073798e+00
1.600000000000000000e+01 1.270980926187016635e+00
1.700000000000000000e+01 1.245383406101760126e+00
1.800000000000000000e+01 1.274581645300713051e+00
1.900000000000000000e+01 1.270017986136416033e+00
2.000000000000000000e+01 1.277454611042003307e+00
2.100000000000000000e+01 1.280600700643151901e+00
2.200000000000000000e+01 1.272358490222395444e+00
2.300000000000000000e+01 1.259802405684485427e+00
2.400000000000000000e+01 1.281094784990715274e+00
2.500000000000000000e+01 1.277467590320729984e+00
2.600000000000000000e+01 1.278754712003267846e+00
2.700000000000000000e+01 1.254269419047851830e+00
2.800000000000000000e+01 1.165789940144284831e+00
2.900000000000000000e+01 1.259977473625294442e+00
3.000000000000000000e+01 1.273872269074157293e+00
3.100000000000000000e+01 1.288464018008009360e+00
3.200000000000000000e+01 1.269272163057881375e+00
3.300000000000000000e+01 1.248830752705105462e+00
3.400000000000000000e+01 1.255087100646091969e+00
3.500000000000000000e+01 1.260583976299273656e+00
3.600000000000000000e+01 1.264054654663923527e+00
3.700000000000000000e+01 1.286174366295341986e+00
3.800000000000000000e+01 1.301519772040546030e+00
3.900000000000000000e+01 1.256686774966341291e+00
4.000000000000000000e+01 9.505278249049052830e-01
4.100000000000000000e+01 1.277373947642014063e+00
4.200000000000000000e+01 1.275689860937171183e+00
4.300000000000000000e+01 1.218249589414739376e+00
4.400000000000000000e+01 1.278938394358114738e+00
4.500000000000000000e+01 1.259000535995727033e+00
4.600000000000000000e+01 1.183765849359390998e+00
4.700000000000000000e+01 1.321604092748905224e+00
4.800000000000000000e+01 1.184752035836625028e+00
4.900000000000000000e+01 1.194835567377371843e+00
