1.000000000000000000e+01 1.268091820191228347e+00
2.000000000000000000e+01 1.268667638165301925e+00
3.000000000000000000e+01 1.268309312729461569e+00
4.000000000000000000e+01 1.275031050879120054e+00
5.000000000000000000e+01 1.267190311724874174e+00
6.000000000000000000e+01 1.273031129786677429e+00
7.000000000000000000e+01 1.270524998506753711e+00
8.000000000000000000e+01 1.272232787280092925e+00
9.000000000000000000e+01 1.272180359892676638e+00
1.000000000000000000e+02 1.269936829505214249e+00
1.100000000000000000e+02 1.272839353504320759e+00
1.200000000000000000e+02 1.250484705520271467e+00
1.300000000000000000e+02 1.270253243509248620e+00
1.400000000000000000e+02 1.272362599360552737e+00
1.500000000000000000e+02 1.273606430138283896e+00
1.600000000000000000e+02 1.271108241963229579e+00
1.700000000000000000e+02 1.271653817763238603e+00
1.800000000000000000e+02 1.270058233678452497e+00
1.900000000000000000e+02 1.274270452273322807e+00
2.000000000000000000e+02 1.273416239161611729e+00
2.100000000000000000e+02 1.276556805504297287e+00
2.200000000000000000e+02 1.274831085109788820e+00
2.300000000000000000e+02 1.270791973825665888e+00
2.400000000000000000e+02 1.269545602237078574e+00
2.500000000000000000e+02 1.272782987049053904e+00
2.600000000000000000e+02 1.270039134793947255e+00
2.700000000000000000e+02 1.271315520908239405e+00
2.800000000000000000e+02 1.270803094164618452e+00
2.900000000000000000e+02 1.273908398446482515e+00
3.000000000000000000e+02 1.273983746036247089e+00
3.100000000000000000e+02 1.271708429201809931e+00
3.200000000000000000e+02 1.270398666546463939e+00
3.300000000000000000e+02 1.269936545434130482e+00
3.400000000000000000e+02 1.273514433774692201e+00
3.500000000000000000e+02 1.273427534489774526e+00
3.600000000000000000e+02 1.270861803870058093e+00
3.700000000000000000e+02 1.271367793078451047e+00
3.800000000000000000e+02 1.274617153845968520e+00
3.900000000000000000e+02 1.273070917029187843e+00
4.000000000000000000e+02 1.269992729641800100e+00
4.100000000000000000e+02 1.270074286775180195e+00
4.200000000000000000e+02 1.272384575668267681e+00
4.300000000000000000e+02 1.272957112230375776e+00
4.400000000000000000e+02 1.271402345752481677e+00
4.500000000000000000e+02 1.272810797102876146e+00
4.600000000000000000e+02 1.271168048419225149e+00
4.700000000000000000e+02 1.273535876440258452e+00
4.800000000000000000e+02 1.271586812181017212e+00
4.900000000000000000e+02 1.271251365622870999e+00
5.000000000000000000e+02 1.272492259944690396e+00
5.100000000000000000e+02 1.271539620365764955e+00
5.200000000000000000e+02 1.271559413253186666e+00
5.300000000000000000e+02 1.270456775187600806e+00
5.400000000000000000e+02 1.272552208593910050e+00
5.500000000000000000e+02 1.272189081588419590e+00
5.600000000000000000e+02 1.272498334798163322e+00
5.700000000000000000e+02 1.270939035761411207e+00
5.800000000000000000e+02 1.271063876237615409e+00
5.900000000000000000e+02 1.271822117674489050e+00
6.000000000000000000e+02 1.272977980517004504e+00
6.100000000000000000e+02 1.271656384388236916e+00
6.200000000000000000e+02 1.271939128786192308e+00
6.300000000000000000e+02 1.270894354182242392e+00
6.400000000000000000e+02 1.270518299665029271e+00
6.500000000000000000e+02 1.269721080699878435e+00
6.600000000000000000e+02 1.271489165180113456e+00
6.700000000000000000e+02 1.272256753469086288e+00
6.800000000000000000e+02 1.270470598270596829e+00
6.900000000000000000e+02 1.271007474247384916e+00
7.000000000000000000e+02 1.273728665168058161e+00
7.100000000000000000e+02 1.270863827876764773e+00
7.200000000000000000e+02 1.272602121982698620e+00
7.300000000000000000e+02 1.272182414156297625e+00
7.400000000000000000e+02 1.271180823445388075e+00
7.500000000000000000e+02 1.270616881302692791e+00
7.600000000000000000e+02 1.270985391359032546e+00
7.700000000000000000e+02 1.272297226117103275e+00
7.800000000000000000e+02 1.272731345138661263e+00
7.900000000000000000e+02 1.271904419710240264e+00
8.000000000000000000e+02 1.272756658185936418e+00
8.100000000000000000e+02 1.270391764659772216e+00
8.200000000000000000e+02 1.271666867913860743e+00
8.300000000000000000e+02 1.272317494250536640e+00
8.400000000000000000e+02 1.271495107244907219e+00
8.500000000000000000e+02 1.271017432470193276e+00
8.600000000000000000e+02 1.274828986399717534e+00
8.700000000000000000e+02 1.271929457274384889e+00
8.800000000000000000e+02 1.272004913780857560e+00
8.900000000000000000e+02 1.273150680830175796e+00
9.000000000000000000e+02 1.271502062293876634e+00
9.100000000000000000e+02 1.272069958731321559e+00
9.200000000000000000e+02 1.273909300165939396e+00
9.300000000000000000e+02 1.271665853991471362e+00
9.400000000000000000e+02 1.261948677887276604e+00
9.500000000000000000e+02 1.272482764133287647e+00
9.600000000000000000e+02 1.270170898240170487e+00
9.700000000000000000e+02 1.271466875719476253e+00
9.800000000000000000e+02 1.270193803738109972e+00
9.900000000000000000e+02 1.271545480331488065e+00
