1.601351772068312085e-01 0.000000000000000000e+00 0.000000000000000000e+00 0.000000000000000000e+00 0.000000000000000000e+00 0.000000000000000000e+00 0.000000000000000000e+00 0.000000000000000000e+00 0.000000000000000000e+00 0.000000000000000000e+00
9.944991508628654719e-02 6.701064770980156293e-01 0.000000000000000000e+00 0.000000000000000000e+00 0.000000000000000000e+00 0.000000000000000000e+00 0.000000000000000000e+00 0.000000000000000000e+00 0.000000000000000000e+00 0.000000000000000000e+00
6.599534947022595325e-04 1.242772105444725078e-01 1.072653536293101117e+00 0.000000000000000000e+00 0.000000000000000000e+00 0.000000000000000000e+00 0.000000000000000000e+00 0.000000000000000000e+00 0.000000000000000000e+00 0.000000000000000000e+00
0.000000000000000000e+00 6.603065614241956970e-04 1.679103469249839109e-01 6.657445005604962773e-01 0.000000000000000000e+00 0.000000000000000000e+00 0.000000000000000000e+00 0.000000000000000000e+00 0.000000000000000000e+00 0.000000000000000000e+00
0.000000000000000000e+00 1.610503808351696452e-04 3.352718465016886473e-02 3.858371250956620369e-01 5.395248298445569635e-01 1.309389624125752106e-04 0.000000000000000000e+00 0.000000000000000000e+00 0.000000000000000000e+00 0.000000000000000000e+00
0.000000000000000000e+00 8.589353644542380714e-05 1.846026946423590109e-02 2.098324484971154646e-01 6.492484587463830392e-01 8.543603623717519469e-01 5.234961071653052196e-03 0.000000000000000000e+00 0.000000000000000000e+00 0.000000000000000000e+00
0.000000000000000000e+00 8.052519041758478532e-06 1.994849015860827336e-03 2.151289359786570307e-02 6.574892751611527419e-02 2.995719786296704434e-01 7.715419136476572293e-01 2.344874478933814052e-02 0.000000000000000000e+00 0.000000000000000000e+00
0.000000000000000000e+00 0.000000000000000000e+00 7.441103471861814722e-04 8.631312932882287403e-03 2.518421912961953113e-02 1.115108938646093562e-01 4.395259262173131232e-01 9.377825394708907414e-01 7.559787314363768107e-02 9.314456709300984738e-03
0.000000000000000000e+00 0.000000000000000000e+00 4.169128895582151976e-04 4.947747565061311713e-03 1.570017610055265619e-02 5.582910009866174500e-02 1.968556166743090363e-01 5.790936801612289742e-01 1.432232408905029342e+00 3.028173199248210268e-01
0.000000000000000000e+00 5.368346027838986252e-06 2.744236741395846891e-04 2.637345618380698350e-03 7.565921967008406267e-03 2.412550382451698200e-02 7.813794243863345090e-02 1.973574811085519465e-01 5.834424404001649078e-01 2.699676138791118785e+00
