6.756847111194545612e-03
2.144480379995121998e-03
7.780822320233311395e-04
7.149877768980182386e-05
7.666477757974722368e-05
8.806568000175369509e-05
8.761909142204994596e-05
9.814293784040944069e-05
1.193099695038131333e-04
1.786462983456714611e-04
2.607042296406314919e-04
3.609435685788123043e-04
6.412916189835768475e-04
1.055441332567767874e-03
6.053847066694359024e-04
8.360108162033765737e-04
4.470379000963840463e-04
4.267320768968467688e-03
8.571492847650867032e-04
9.556696789592625382e-04
1.273209074951286253e-03
1.679120922818032151e-03
2.305714746987922413e-03
3.227592470909358430e-03
4.455747212143191388e-03
6.168282867238394571e-03
8.547317936943429548e-03
1.183358117029073737e-02
1.659417038176911816e-02
2.289348715879216400e-02
3.112525531533742729e-02
4.251823068096906993e-02
5.851686370299689216e-02
8.008364202256391950e-02
1.108809372300094825e-01
1.560509855213921271e-01
2.117638832461479492e-01
2.954755427313822680e-01
4.072300441984316732e-01
6.274854063846001528e-01
