3.494020786624096875e-02
2.167363001151255061e-02
1.444624860331176694e-02
1.325388596966545207e-02
4.595253694813518884e-03
3.557656155826254864e-03
3.671886983343510425e-03
4.477631526881287877e-03
6.428474173773423596e-03
1.000577221442714576e-02
1.319893686237971764e-02
1.674826097637934982e-02
1.989797966675794019e-02
2.479808086466786521e-02
2.938820262033355057e-02
4.154914909614165763e-02
4.226573672971077611e-02
6.712773327386771516e-02
7.066170259866520753e-02
8.870271618658563673e-02
1.497723542219875636e-01
1.836609487576592314e-01
2.671186608230560200e-01
8.877910296356611441e-02
2.968242345280314165e-02
5.353948354999656795e-02
6.785104063053588874e-02
1.544325931007956565e-01
1.914303737384490667e-01
2.677145806640349734e-01
3.908305210710155131e-01
5.600804977301701015e-01
7.931626091951030633e-01
1.108820651565540327e+00
1.547998282087495348e+00
2.189382297909721053e+00
2.970088407790286489e+00
4.328507389116646564e+00
5.747392867224828450e+00
8.918613382755712138e+00
