8.256653854132215775e-04
3.886600780967489760e-02
1.962153532930477062e-01
3.069623251468244773e-01
2.343592782396336782e-01
1.283285341721620565e-01
5.615689619652609182e-02
2.325727187009986319e-02
9.269130455737586982e-03
3.460844580503261592e-03
1.441908847146942865e-03
5.275749300284157716e-04
1.934126719486234630e-04
9.398577039404630194e-05
2.090967907721088845e-05
1.046285824505972288e-05
1.043809353610232953e-05
0.000000000000000000e+00
0.000000000000000000e+00
0.000000000000000000e+00
0.000000000000000000e+00
0.000000000000000000e+00
0.000000000000000000e+00
0.000000000000000000e+00
0.000000000000000000e+00
0.000000000000000000e+00
0.000000000000000000e+00
0.000000000000000000e+00
0.000000000000000000e+00
0.000000000000000000e+00
0.000000000000000000e+00
0.000000000000000000e+00
0.000000000000000000e+00
0.000000000000000000e+00
0.000000000000000000e+00
0.000000000000000000e+00
0.000000000000000000e+00
0.000000000000000000e+00
0.000000000000000000e+00
0.000000000000000000e+00
