9.823896056772533913e-02
6.153597047147145449e-02
3.737100696271980493e-02
3.228482173385738979e-02
5.423552163977669871e-03
2.177660183628468867e-03
2.320412822179688042e-03
2.612755867717509416e-03
3.002508684026076319e-03
3.451517802168133434e-03
4.122410661127868560e-03
5.128937477059420692e-03
6.607491561580706475e-03
9.085445825751463020e-03
1.248925098325650955e-02
1.667110277643173155e-02
2.527008388515276927e-02
3.537844697408917827e-02
3.786164777925324354e-02
6.583544899110010951e-02
8.199762844546337748e-02
8.309939352874647078e-02
9.176106086724584998e-02
3.084695327182390354e-02
3.131400837454954844e-02
8.398939677234540380e-02
1.185849918294436811e-01
2.774137616325124123e-01
3.408939686732705976e-01
4.921171849659009001e-01
7.280161251228907116e-01
1.043899433450394376e+00
1.470447424006737114e+00
2.048055465411644960e+00
2.856565118824013538e+00
4.040790869501321936e+00
5.483185370224912702e+00
7.992962903132858621e+00
1.061422587696129227e+01
1.647228149182912915e+01
