2.032408958475913352e-01
2.128449584829537888e-01
2.726433982846615534e-01
2.356236909625675224e-01
3.295949778022540522e-01
4.017809068712576703e-01
4.003236551137833166e-01
4.209366797467218868e-01
4.541869667618460560e-01
4.758199447273669946e-01
4.956803047889844493e-01
5.094973381284115810e-01
5.124252061418078652e-01
5.610072247056164807e-01
5.412769319192584083e-01
5.294999371544030220e-01
5.146256040712821056e-01
6.118865394314744188e-01
5.752692430789098088e-01
5.564828722786280268e-01
6.863909691856112660e-01
5.984704610409621317e-01
6.971830704396830836e-01
4.460741872375217354e-01
4.140620543226379291e-01
4.439821864476810598e-01
4.611107311727368763e-01
5.494066929919090292e-01
5.875911571450969095e-01
6.652002644497537753e-01
7.900361768530818063e-01
9.621731145662598683e-01
1.200589266386567600e+00
1.526100387507144163e+00
1.983930700960379490e+00
2.661404002919042444e+00
3.495526409855088001e+00
4.962228006160983362e+00
6.505522181859295650e+00
9.978921905185529795e+00
