1.132612825584322358e-01
1.316510920612267710e-01
1.906644963838346751e-01
2.297423433025196360e-01
3.713654776562589355e-01
5.017837853519141467e-01
6.141034481687936974e-01
7.653574373408139619e-01
9.320622717475474106e-01
1.076252977832496294e+00
1.178825350761891322e+00
1.225745766120550861e+00
1.276063054465557345e+00
1.306039376373277605e+00
1.288200433802917821e+00
1.293144955838457344e+00
1.294626193260706382e+00
1.310420494856867180e+00
1.298404209819591815e+00
1.299379480319460045e+00
1.300437378126570787e+00
1.301545878852796712e+00
1.303099335202706932e+00
1.311180103254559581e+00
1.329368872204992780e+00
1.356578822394902462e+00
1.411133961978948914e+00
1.560088154910750813e+00
1.796530302712337157e+00
2.092256856638214479e+00
2.470537071272593810e+00
3.089604601506029891e+00
3.820705579432951637e+00
4.479431190449782996e+00
5.117393885683832799e+00
5.878529263057127530e+00
6.810647169933283784e+00
8.334829287591150049e+00
1.054824055262821858e+01
1.530428843118445847e+01
