2.210879398562302922e-02
1.368749092493594388e-02
4.114818089884873971e-03
4.003049879226313126e-03
8.045462106765079169e-03
1.491554662420806546e-02
2.233986780403898059e-02
3.581378925783609835e-02
5.473831098271666334e-02
7.999503687213341263e-02
1.659439673956107364e-01
1.744191740641353738e-01
4.160427230086125028e-02
1.109917073298071072e-01
2.393032095404492576e-01
4.509078393212860303e-01
8.636215988722066861e-01
1.640117863467680515e+00
3.079917428436587556e+00
5.940953981743418488e+00
