2.265955592737540526e-03
3.304761406092788438e-04
8.194679930972611841e-05
9.203300737166544366e-05
1.457038613327925087e-04
3.057678519088307800e-04
8.374217081976202074e-04
7.337760567529001254e-04
2.303624095624237471e-03
9.054343739889343223e-04
1.471280280328729571e-03
2.761897098306491556e-03
5.323766406896243003e-03
1.022077532026640680e-02
2.057194208775070532e-02
3.535003767371263511e-02
6.391250157015149203e-02
1.192395688928550718e-01
2.235021953346083001e-01
4.668922236501238943e-01
