3.920785706002703069e-02
5.023460331687334968e-01
3.632132646653504771e-01
8.030232646767086757e-02
1.243859319162813823e-02
2.063309487168180512e-03
3.626286403621527743e-04
5.502369816963749834e-05
1.096362088831244156e-05
0.000000000000000000e+00
0.000000000000000000e+00
0.000000000000000000e+00
0.000000000000000000e+00
0.000000000000000000e+00
0.000000000000000000e+00
0.000000000000000000e+00
0.000000000000000000e+00
0.000000000000000000e+00
0.000000000000000000e+00
0.000000000000000000e+00
