6.275867914903440759e-02
3.417432585439648257e-02
3.920259660619402654e-03
2.440820018963689355e-03
3.206222034169647472e-03
4.610886232881299986e-03
7.834533462168976128e-03
1.455607915274098607e-02
3.036667664754569632e-02
5.143657051873878200e-02
8.216221477193211276e-02
6.038710111690132748e-02
5.768769948605680098e-02
1.977307870906454546e-01
4.357936462923737708e-01
8.401435012712785699e-01
1.599378471241752475e+00
3.026653278614334308e+00
5.686103021890366982e+00
1.097179197059346833e+01
