4.335866554115164889e-02 0.000000000000000000e+00 0.000000000000000000e+00 0.000000000000000000e+00 0.000000000000000000e+00 0.000000000000000000e+00 0.000000000000000000e+00 0.000000000000000000e+00 0.000000000000000000e+00 0.000000000000000000e+00 0.000000000000000000e+00 0.000000000000000000e+00 0.000000000000000000e+00 0.000000000000000000e+00 0.000000000000000000e+00 0.000000000000000000e+00 0.000000000000000000e+00 0.000000000000000000e+00 0.000000000000000000e+00 0.000000000000000000e+00
6.222297533814508813e-02 1.096282108705164127e-01 0.000000000000000000e+00 0.000000000000000000e+00 0.000000000000000000e+00 0.000000000000000000e+00 0.000000000000000000e+00 0.000000000000000000e+00 0.000000000000000000e+00 0.000000000000000000e+00 0.000000000000000000e+00 0.000000000000000000e+00 0.000000000000000000e+00 0.000000000000000000e+00 0.000000000000000000e+00 0.000000000000000000e+00 0.000000000000000000e+00 0.000000000000000000e+00 0.000000000000000000e+00 0.000000000000000000e+00
1.740196020032732174e-02 7.804560997281216606e-02 2.630606247246611851e-01 0.000000000000000000e+00 0.000000000000000000e+00 0.000000000000000000e+00 0.000000000000000000e+00 0.000000000000000000e+00 0.000000000000000000e+00 0.000000000000000000e+00 0.000000000000000000e+00 0.000000000000000000e+00 0.000000000000000000e+00 0.000000000000000000e+00 0.000000000000000000e+00 0.000000000000000000e+00 0.000000000000000000e+00 0.000000000000000000e+00 0.000000000000000000e+00 0.000000000000000000e+00
4.898871148831641410e-03 1.967047099530114598e-02 1.264591734601245576e-01 3.791476702502990515e-01 0.000000000000000000e+00 0.000000000000000000e+00 0.000000000000000000e+00 0.000000000000000000e+00 0.000000000000000000e+00 0.000000000000000000e+00 0.000000000000000000e+00 0.000000000000000000e+00 0.000000000000000000e+00 0.000000000000000000e+00 0.000000000000000000e+00 0.000000000000000000e+00 0.000000000000000000e+00 0.000000000000000000e+00 0.000000000000000000e+00 0.000000000000000000e+00
9.139684979163508654e-04 5.270269616684282801e-03 3.095946334467459399e-02 2.200039139764118634e-01 5.231453074593145347e-01 0.000000000000000000e+00 0.000000000000000000e+00 0.000000000000000000e+00 0.000000000000000000e+00 0.000000000000000000e+00 0.000000000000000000e+00 0.000000000000000000e+00 0.000000000000000000e+00 0.000000000000000000e+00 0.000000000000000000e+00 0.000000000000000000e+00 0.000000000000000000e+00 0.000000000000000000e+00 0.000000000000000000e+00 0.000000000000000000e+00
2.559111794165781079e-04 1.515652708670595225e-03 8.282256001953114746e-03 5.726934411241043493e-02 3.476777460134478082e-01 6.099654544940054102e-01 0.000000000000000000e+00 0.000000000000000000e+00 0.000000000000000000e+00 0.000000000000000000e+00 0.000000000000000000e+00 0.000000000000000000e+00 0.000000000000000000e+00 0.000000000000000000e+00 0.000000000000000000e+00 0.000000000000000000e+00 0.000000000000000000e+00 0.000000000000000000e+00 0.000000000000000000e+00 0.000000000000000000e+00
3.655873991665401347e-05 4.231822414307999142e-04 2.364765350052608871e-03 1.539182500519561785e-02 9.125945662483714305e-02 4.323628572492755340e-01 6.564102278846396521e-01 0.000000000000000000e+00 0.000000000000000000e+00 0.000000000000000000e+00 0.000000000000000000e+00 0.000000000000000000e+00 0.000000000000000000e+00 0.000000000000000000e+00 0.000000000000000000e+00 0.000000000000000000e+00 0.000000000000000000e+00 0.000000000000000000e+00 0.000000000000000000e+00 0.000000000000000000e+00
1.096762197499620540e-04 8.403618978767656131e-05 6.190777213581122361e-04 4.183160077486044494e-03 2.524278137697356580e-02 1.155926863686752154e-01 4.669131154676507967e-01 6.439593651655450834e-01 0.000000000000000000e+00 0.000000000000000000e+00 0.000000000000000000e+00 0.000000000000000000e+00 0.000000000000000000e+00 0.000000000000000000e+00 0.000000000000000000e+00 0.000000000000000000e+00 0.000000000000000000e+00 0.000000000000000000e+00 0.000000000000000000e+00 0.000000000000000000e+00
0.000000000000000000e+00 3.901680240142124754e-05 1.812614949922400386e-04 1.120407309447414654e-03 7.255410216136122352e-03 3.118711194802192832e-02 1.202814802611527623e-01 4.721669587686194158e-01 6.503782418784062047e-01 0.000000000000000000e+00 0.000000000000000000e+00 0.000000000000000000e+00 0.000000000000000000e+00 0.000000000000000000e+00 0.000000000000000000e+00 0.000000000000000000e+00 0.000000000000000000e+00 0.000000000000000000e+00 0.000000000000000000e+00 0.000000000000000000e+00
0.000000000000000000e+00 9.003877477251056994e-06 4.461821415193601732e-05 3.306119929516960414e-04 1.927218338661157567e-03 8.580530339219075847e-03 3.430497157995196500e-02 1.270037877006534865e-01 4.746955219541549309e-01 6.471425150716492158e-01 0.000000000000000000e+00 0.000000000000000000e+00 0.000000000000000000e+00 0.000000000000000000e+00 0.000000000000000000e+00 0.000000000000000000e+00 0.000000000000000000e+00 0.000000000000000000e+00 0.000000000000000000e+00 0.000000000000000000e+00
0.000000000000000000e+00 0.000000000000000000e+00 1.394319192247999737e-05 9.642849794424468099e-05 4.761362954339329562e-04 2.099593457306119914e-03 9.001791629198971009e-03 3.431307645232160863e-02 1.271114822068230288e-01 4.765637104002820035e-01 6.485358681269809411e-01 0.000000000000000000e+00 0.000000000000000000e+00 0.000000000000000000e+00 0.000000000000000000e+00 0.000000000000000000e+00 0.000000000000000000e+00 0.000000000000000000e+00 0.000000000000000000e+00 0.000000000000000000e+00
0.000000000000000000e+00 0.000000000000000000e+00 0.000000000000000000e+00 3.673466588352176807e-05 1.058080656519850697e-04 7.861491483977251903e-04 2.589842603296223927e-03 9.297178874920163788e-03 3.503721168368515576e-02 1.277139071119532954e-01 4.774702230156527283e-01 6.591678498252188101e-01 9.197234445014445257e-05 0.000000000000000000e+00 0.000000000000000000e+00 0.000000000000000000e+00 0.000000000000000000e+00 0.000000000000000000e+00 0.000000000000000000e+00 0.000000000000000000e+00
0.000000000000000000e+00 0.000000000000000000e+00 0.000000000000000000e+00 9.183666470880442017e-06 3.023087590056715794e-05 2.492668031504981967e-04 5.848031684862440042e-04 2.443212122944136370e-03 9.696187125092006406e-03 3.336415725103993729e-02 1.268618419131619934e-01 4.754469422023820946e-01 7.199726512620806540e-01 1.322730911222517623e-03 0.000000000000000000e+00 0.000000000000000000e+00 0.000000000000000000e+00 0.000000000000000000e+00 0.000000000000000000e+00 0.000000000000000000e+00
0.000000000000000000e+00 0.000000000000000000e+00 0.000000000000000000e+00 4.591833235440221008e-06 1.511543795028357897e-05 4.793592368278809442e-05 2.193011881823415151e-04 6.594510597327093646e-04 2.404293198654944546e-03 9.923517380193161430e-03 3.500961701731953452e-02 1.272282335407179943e-01 4.793598592741529774e-01 9.089588389293591364e-01 1.216199790983102033e-02 0.000000000000000000e+00 0.000000000000000000e+00 0.000000000000000000e+00 0.000000000000000000e+00 0.000000000000000000e+00
0.000000000000000000e+00 0.000000000000000000e+00 0.000000000000000000e+00 0.000000000000000000e+00 0.000000000000000000e+00 1.917436947311523912e-05 3.132874116890591428e-05 1.837814428763287575e-04 6.772656897619562391e-04 2.571893853564854657e-03 8.835638530340346117e-03 3.399958708986814543e-02 1.132705116435279158e-01 4.743143155600302308e-01 1.411434712354775245e+00 2.736095796905539390e-01 1.330772709186152092e-01 1.441669240515719153e-01 2.963899870892958699e-01 5.442725041346581083e-01
0.000000000000000000e+00 0.000000000000000000e+00 0.000000000000000000e+00 0.000000000000000000e+00 0.000000000000000000e+00 9.587184736557619562e-06 1.044291372296863809e-05 5.405336555186138333e-05 1.354531379523911882e-04 7.516036832335647698e-04 2.087259536877501820e-03 7.114601725042841648e-03 2.206022376168463583e-02 8.033466635131250588e-02 4.681320163745698593e-01 2.155011544023268666e+00 9.449507941716263071e-01 5.918922205134571346e-01 9.613675222255365638e-01 1.995665848493747063e+00
0.000000000000000000e+00 0.000000000000000000e+00 0.000000000000000000e+00 0.000000000000000000e+00 0.000000000000000000e+00 0.000000000000000000e+00 2.088582744593727618e-05 0.000000000000000000e+00 1.128776149603259789e-05 1.291818830557688567e-04 4.225740166684513379e-04 1.354510713037002448e-03 2.496392206503922091e-03 9.162035210761476645e-03 6.171012628928174149e-02 2.160801881792508705e-01 2.649604223716940599e+00 1.891569469021485705e+00 9.841667520016362802e-01 9.071208402244302915e-01
0.000000000000000000e+00 0.000000000000000000e+00 0.000000000000000000e+00 0.000000000000000000e+00 0.000000000000000000e+00 0.000000000000000000e+00 0.000000000000000000e+00 0.000000000000000000e+00 1.128776149603259789e-05 1.174380755052444275e-05 6.402636616188652364e-05 1.915469695203841265e-04 7.883343810012381455e-05 2.281407443209480020e-03 8.324572859817561468e-03 1.701637123944504254e-02 1.884729199214457140e-01 2.263172143947520532e+00 2.918301411340758822e+00 3.719195444920165627e+00
0.000000000000000000e+00 0.000000000000000000e+00 0.000000000000000000e+00 0.000000000000000000e+00 0.000000000000000000e+00 0.000000000000000000e+00 0.000000000000000000e+00 0.000000000000000000e+00 0.000000000000000000e+00 1.174380755052444275e-05 1.280527323237730439e-05 1.368192639431314729e-05 0.000000000000000000e+00 0.000000000000000000e+00 1.049031539245303107e-03 2.882272809409603103e-03 5.587457392216334598e-03 2.327177286953175939e-01 1.424951861006229947e+00 2.902786688718177022e+00
0.000000000000000000e+00 0.000000000000000000e+00 0.000000000000000000e+00 0.000000000000000000e+00 0.000000000000000000e+00 0.000000000000000000e+00 0.000000000000000000e+00 0.000000000000000000e+00 0.000000000000000000e+00 0.000000000000000000e+00 0.000000000000000000e+00 0.000000000000000000e+00 0.000000000000000000e+00 0.000000000000000000e+00 0.000000000000000000e+00 0.000000000000000000e+00 4.469965913773066226e-04 1.988509297263060804e-02 1.899935814674972856e-01 1.088545008269316439e+00
