2.123170315498348892e-01
2.495641608390701260e-01
3.629424976683048309e-01
4.087613246483283724e-01
4.637589129824662426e-01
5.022055311739402894e-01
5.371046908539062192e-01
5.348764326586671336e-01
5.632510582872946037e-01
5.680549779214594253e-01
6.444356316897058568e-01
5.671407708063547215e-01
4.290103093224233999e-01
5.051073659230251867e-01
6.362954358603545302e-01
8.511382005347627455e-01
1.273249095601094893e+00
2.081252648790335336e+00
3.614078591027354737e+00
6.717039135295379104e+00
