1.310281207415435467e-01
2.151905750603829992e-01
4.318378777970354188e-01
6.775381564911238108e-01
9.977765547433762316e-01
1.201217271703510558e+00
1.291443278980477505e+00
1.290800654711779183e+00
1.302342668361632816e+00
1.298883379321807530e+00
1.300978808499851702e+00
1.307109425518890644e+00
1.343154879213726893e+00
1.486977359174597169e+00
1.983281544418860287e+00
2.700089110620966792e+00
3.985395208478844431e+00
5.258256683937518439e+00
7.023811391400162307e+00
1.183550843918844819e+01
